version https://git-lfs.github.com/spec/v1
oid sha256:eb77b250dde541b468ed6da4b06043a44c76de62da52defd137a584cd2496aa6
size 957540
