version https://git-lfs.github.com/spec/v1
oid sha256:08ccf0ba6570a965404a70a2a023e2df037e3b00801b4dce7f03e4fd0776af84
size 952756
