version https://git-lfs.github.com/spec/v1
oid sha256:6a2bed0da6992ab6db8358c5bacdc38b15c8df959fb8ceb793cdf5c8e006a3bd
size 763334
